Table   769.03
 
*** WEEKDAY LINKED TRANSIT TRIPS ON PROJECT (All Fixed Guideway/All car HH)***
District to District MODEL Summary for Scenario  3: Y2023 BUILD                             
Home-Based Work All Fixed Guideway All Access All car HH
Idist     Downt    Downt    West     Lower    MtAub    Corry    UCMed    MtAda    Walnu    Clift    North    Winto    BondH    Xavie    Finne    Colle    Amber    Wethe    Green    Bethe    Kenwo    Milfo    HydeP    Fores    Norwo    Oakle    North    East     West     India    Monfo    MtAir    EPric    Delhi    westw    Upper    N_Bou    Kentu    Devou    EastE    airpo    Other    Total
======= ======== ======== ======== ======== ======== ======== ======== ======== ======== ======== ======== ======== ======== ======== ======== ======== ======== ======== ======== ======== ======== ======== ======== ======== ======== ======== ======== ======== ======== ======== ======== ======== ======== ======== ======== ======== ======== ======== ======== ======== ======== ======== ========
Downt         0        0        0        0        0        0        0        0        0        0        0        0        0        0        0        0        0        0        0        0        0        0        0        0        0        0        0        0        0        0        0        0        0        0        0        1        0        0        0        0        0        0        2
Downt         0        0        0        0        0        0        0        0        0        4        0        0        0        0       13        0        0        0        3        0        0        0        0        0        0        0        0        0        0        0        0        1        0        0        0        3        0        0        0        0        0        0       24
West          0        0        0        0        0        0        0        0        0        1        3        0        0        0        0        1        0        0        2        0        0        0        0        0        0        0        0        0        0        0        0        0        0        0        0       19        0        0        0        0        0        0       27
Lower         0        0        0        1        0        0        0        0        0        0        1        0        0        0        0        4        0        0        0        0        0        0        0        0        0        0        0        0        1        0        0        0        0        0        0        3        0        0        0        0        0        0       11
MtAub         0        0        0        0        0        0        0        0        0        3        0        0        0        0        0        1        0        0        0        0        0        0        0        0        0        0        0        0        0        0        3        0        0        0        0        0        0        0        0        0        0        0        6
Corry         0        0        0        0        0        0        0        0        0        0       10        1        0        0        0        3        0        0        0        0        0        0        0        0        0        0        0        0        0        0        1        1        0        0        0        1        0        0        0        0        0        0       16
UCMed         0        0        0        0        0        0        0        0        0        0        0        0        0        0        0        0        0        0        0        0        0        0        0        0        0        0        0        0        0        0        0        0        0        0        0        1        0        0        0        0        0        0        1
MtAda         0        0        0        0        0        0        0        0        0        1        1        0        0        0        0        0        0        0        0        0        0        0        0        0        0        0        0        0        0        0        0        0        0        0        0        1        0        0        0        0        0        0        3
Walnu         0        0        0        1        0        0        0        0        0        4        0        0        0        0        0        1        0        0        2        0        0        0        0        0        0        0        0        0        0        0        1        0        0        0        0        3        0        0        0        0        0        0       11
Clift        24       12        1        3        3        5        1        1        1        7       14        1        0        0        9        0        3        0        8        0        2        0        0        0        0        0        0        0        0        0        5        0        0        0        0       55        0        1        1        0        7        0      166
North        46      133        1        2        6       34       12        1        3       34        0        2        0        0        0        5        4        0       17        0        1        0        0        0        0        0        0        0        0        0        2        2        5        2        0       34        0        1        1        0        6        0      358
Winto         4        5        0        1        0        0        0        1        0        0        0        0        0        0        0        0        0        0        7        0        0        0        0        0        0        0        0        0        0        0        0        0        0        0        0        8        0        1        4        0        3        0       34
BondH         0        0        0        0        0        0        0        0        0        6        0        0        0        0        0        1        0        0        0        0        0        0        0        0        0        0        0        0        0        0        0        3        0        0        0        0        0        0        0        0        0        0       10
Xavie         0        1        0        0        0        0        0        0        0        2        0        0        0        0        0        2        0        0        6        0        0        0        0        0        0        0        0        0        0        0        0        0        0        0        0        1        0        0        0        0        0        0       13
Finne        89       98        0        1       11        8        9        3        6       13        4       12        0        2        1       17       11        0       49        0        0        0        0        0        1        8        0        0        0        0        1        1        7        1        5       46        0        7        2       10        8        0      431
Colle        84       40        1        0        7       13        7        0        9       25       56        2        0        3        3        0        4        0        5        0        2        0        0        0        0        2        0        0        0        0        1        9        9        2        0       50        0        0        6        2        9        0      355
Amber         1        1        0        0        0        0        0        0        0        0        4        0        0        0        0        0        0        0        5        0        0        0        0        0        0        0        0        0        0        0        0        1        0        0        2        3        0        0        0        0        1        0       20
Wethe         0        0        0        0        0        0        0        0        0        1        0        0        0        0        0        0        0        0        2        0        0        0        0        0        0        0        0        0        0        0        0        0        0        0        0        0        0        0        0        0        0        0        3
Green        39       22        2        2        2        4        7        1        4        1        8        5        4        0        2        7        2        0       15        0        0        0        1        0        2        3        0        0        0        0        3        8       11        1        5       19        0        1        0        1        7        0      189
Bethe         0        0        0        0        0        0        0        0        0        1        0        0        0        0        0        2        0        0        0        0        0        0        0        0        0        0        0        0        0        0        0        0        0        0        0        0        0        0        0        0        0        0        4
Kenwo         0        0        0        0        0        0        0        0        0        1        0        0        0        0        0        0        0        0        4        0        0        0        0        0        0        0        0        0        0        0        0        0        0        0        0        2        0        0        0        0        0        0        7
Milfo         0        0        0        0        0        0        0        0        0        0        0        0        0        0        0        0        0        0        0        0        0        0        0        0        0        0        0        0        0        0        0        0        0        0        0        0        0        0        0        0        0        0        1
HydeP         0        0        0        0        0        0        0        0        0        0        4        0        0        0        0        0        0        0        0        0        0        0        0        0        0        0        0        0        0        0        1        0        0        0        0        0        0        0        0        0        0        0        6
Fores         0        0        0        0        0        0        0        0        0        1        0        0        0        0        0        0        0        0        0        0        0        0        0        0        0        0        0        0        0        0        0        0        0        0        0        1        0        0        0        0        0        0        2
Norwo         0        0        0        0        0        0        0        0        0        0        0        0        0        0        0        0        0        0        2        0        0        0        0        0        0        0        0        0        0        0        0        0        0        0        0        0        0        0        0        0        0        0        3
Oakle         0        0        0        1        0        0        0        0        0        1        1        0        0        0        0        0        0        0        3        0        0        0        0        0        0        0        0        0        0        0        0        1        0        0        0        3        0        0        0        0        0        0       11
North         0        0        0        0        0        0        0        0        0        0        0        0        0        0        0        0        0        0        0        0        0        0        0        0        0        0        0        0        0        0        0        0        0        0        0        0        0        0        0        0        0        0        0
East          0        0        0        0        0        0        0        0        0        0        0        0        0        0        0        0        0        0        0        0        0        0        0        0        0        0        0        0        0        0        0        0        0        0        0        0        0        0        0        0        0        0        0
West          2        1        0        0        1        0        2        0        0        2        1        3        0        0        0        1        0        0        2        0        0        0        0        0        0        0        0        0        0        0        1        3        1        0        0        4        0        0        0        0        0        0       26
India         0        0        0        0        0        0        0        0        0        0        0        0        0        0        0        0        0        0        0        0        0        0        0        0        0        0        0        0        0        0        0        0        0        0        0        0        0        0        0        0        0        0        0
Monfo         2        3        0       10       14       10        5        3        2        7        4        1        0        0        0        3        0        0       25        0        0        0        0        0        0        0        0        0        0        0        0        6        1        0        0       13        0        0        0        0        2        0      114
MtAir         5        5        0        0        2        1        2        0        0        1        0        0        0        0        2        4        0        0       11        0        0        0        0        0        0        0        0        0        0        0        0        0        0        0        0        6        0       21        0        3        1        0       66
EPric         0        0        0        0        0        0        0        0        0        2        0        0        0        0        1        1        0        0        1        0        0        0        0        0        0        0        0        0        0        0        0        0        0        0        0        0        0        0        0        0        0        0        5
Delhi         1        0        0        0        0        0        0        0        0        0        0        0        0        0        3        1        0        0        9        0        0        0        0        0        0        0        0        0        0        0        1        0        0        0        0        6        0        0        0        0        0        0       23
westw         1        2        0        1        2        3        2        0        1        1        0        0        0        0        0        0        0        0       17        0        0        0        0        0        0        0        0        0        0        0        1        0        0        0        0       11        0        0        0        0        0        0       42
Upper        11        4        0       10        0        0        0        0        0        0        1        0        0        0        0        0        0        0        0        0        0        0        0        0        0        1        0        0        0        0        0        0        0        0        0        3        0        0        0        1        0        0       33
N_Bou         0        0        0        0        0        0        0        0        0        0        0        0        0        0        0        0        0        0        0        0        0        0        0        0        0        0        0        0        0        0        0        0        0        0        0        0        0        0        0        0        0        0        1
Kentu         0        0        0        0        0        0        0        0        0        1        2        0        0        0        0        0        0        0        1        0        0        0        0        0        0        0        0        0        0        0        7        1        0        0        0        4        0        0        0        0        0        0       16
Devou         0        0        0        0        0        0        0        0        0        1        0        1        0        0        0        0        0        0        2        0        0        0        0        0        0        0        0        0        0        0        0        0        0        0        0        0        0        0        0        0        0        0        4
EastE         0        0        0        0        0        0        0        0        0        0        2        1        0        0        0        0        0        0        3        0        0        0        0        0        0        0        0        0        0        0        1        1        0        0        0        2        0        0        0        0        0        0       10
airpo         0        0        0        0        0        0        0        0        0        0        1        0        0        0        0        0        0        0        0        0        0        0        0        0        0        0        0        0        0        0        0        0        0        0        0        0        0        0        0        0        0        0        2
Other         0        0        0        0        0        0        0        0        0        0        0        0        0        0        0        0        0        0        0        0        0        0        0        0        0        0        0        0        0        0        0        0        0        0        0        0        0        0        0        0        0        0        0
Total       311      331        5       33       49       79       48        9       26      123      118       31        5        5       37       55       25        1      203        2        5        0        2        1        3       15        0        0        2        0       30       40       36        7       13      304        0       32       13       17       44        0     2059

